36162,60843,73,1300000
16366,60843,84,1300000
21413,60843,79,1300000
64662,60843,88,1300000
77449,60843,90,1300000
59970,60843,100,1300000
93092,60843,86,1300000
13437,60843,79,1300000
18798,60843,99,1300000
45489,60843,84,1300000
38324,60843,99,1300000
11077,60843,95,1300000
74452,60843,70,1300000
36678,60843,92,1300000
16053,60843,80,1300000
38201,60843,73,1300000
78710,60843,98,1300000
41563,88328,82,1300000
74034,88328,93,1300000
80942,88328,91,1300000
36986,88328,86,1300000
30855,88328,99,1300000
15012,88328,78,1300000
18840,88328,74,1300000
44395,88328,85,1300000
83057,88328,79,1300000
63482,88328,72,1300000
73456,88328,89,1300000
14114,88328,71,1300000
63630,88328,70,1300000
17773,88328,74,1300000
45296,88328,78,1300000
57435,88328,73,1300000
43099,88328,98,1300000
39972,88328,84,1300000
93839,88328,70,1300000
53215,13328,74,1300000
71410,13328,100,1300000
27768,13328,81,1300000
99586,13328,72,1300000
44905,13328,88,1300000
32828,13328,90,1300000
66206,13328,83,1300000
92764,13328,98,1300000
34242,13328,85,1300000
57261,13328,73,1300000
27024,13328,89,1300000
71216,13328,77,1300000
63487,13328,77,1300000
73577,13328,73,1300000
38161,13328,82,1300000
76928,13328,99,1300000
87394,13328,73,1300000
62498,13328,91,1300000
58206,13328,72,1300000
34951,13328,83,1300000
72897,75478,92,1300000
46008,75478,75,1300000
18368,75478,86,1300000
15919,75478,73,1300000
67015,75478,77,1300000
39147,47316,86,1300000
92540,47316,98,1300000
24101,47316,89,1300000
72771,47316,94,1300000
68134,47316,98,1300000
13370,47316,81,1300000
70412,47316,93,1300000
61247,47316,72,1300000
54414,47316,81,1300000
78501,47316,100,1300000
66390,47316,94,1300000
68549,47316,85,1300000
37176,47316,95,1300000
92887,47316,70,1300000
63941,47316,89,1300000
25787,47316,73,1300000
42724,47316,97,1300000
91801,47316,71,1300000
69447,47316,94,1300000
88062,47316,80,1300000
53723,48367,86,1300000
33899,48367,91,1300000
20431,48367,71,1300000
92820,48367,99,1300000
94461,48367,91,1300000
51434,48367,92,1300000
30127,48367,75,1300000
77630,48367,94,1300000
40739,48367,84,1300000
16201,48367,96,1300000
67890,48367,84,1300000
86846,48367,70,1300000
12366,48367,91,1300000
19454,48367,83,1300000
92781,48367,70,1300000
57844,58032,82,1300000
44517,58032,75,1300000
52334,58032,74,1300000
82153,58032,96,1300000
92544,58032,98,1300000
13631,58032,73,1300000
21431,58032,81,1300000
82044,58032,89,1300000
33568,58032,77,1300000
13239,58032,95,1300000
71484,58032,91,1300000
20384,58032,88,1300000
96626,58032,99,1300000
44485,58032,91,1300000
66197,58032,87,1300000
78562,58032,72,1300000
98229,58032,85,1300000
90221,58032,100,1300000
69424,58032,84,1300000
42013,58032,75,1300000
13679,58032,83,1300000
66324,79205,92,1300000
88783,79205,85,1300000
82552,79205,74,1300000
14633,79205,79,1300000
81948,79205,86,1300000
73190,79205,71,1300000
53939,79205,98,1300000
90545,79205,79,1300000
35692,79205,88,1300000
83620,79205,89,1300000
52214,79205,82,1300000
72666,79205,87,1300000
16031,79205,73,1300000
18062,79205,70,1300000
47421,79205,73,1300000
66909,79205,98,1300000
65821,79205,78,1300000
19231,79205,81,1300000
95302,79205,82,1300000
12113,79205,77,1300000
41172,32257,85,1300000
75666,32257,92,1300000
54575,32257,77,1300000
70984,32257,70,1300000
71779,32257,99,1300000
28347,32257,73,1300000
49054,32257,92,1300000
98044,32257,70,1300000
63310,32257,73,1300000
80240,32257,92,1300000
87221,32257,83,1300000
48368,32257,70,1300000
23348,32257,71,1300000
98125,32257,91,1300000
71910,32257,94,1300000
91998,32257,89,1300000
73786,32257,92,1300000
18434,10902,100,1300000
21632,10902,97,1300000
93464,10902,76,1300000
78508,10902,70,1300000
82487,10902,72,1300000
71357,10902,89,1300000
77585,10902,89,1300000
85319,10902,98,1300000
63682,10902,100,1300000
96520,10902,86,1300000
94756,10902,82,1300000
36733,10902,93,1300000
95477,10902,70,1300000
54732,10902,100,1300000
23538,10902,74,1300000
81740,10902,83,1300000
65674,10902,81,1300000
95886,10902,83,1300000
49621,10902,80,1300000
29424,43600,78,1300000
47993,43600,93,1300000
48411,43600,100,1300000
57010,43600,95,1300000
65713,43600,98,1300000
73621,43600,89,1300000
73134,43600,76,1300000
51496,43600,80,1300000
73865,43600,85,1300000
91701,43600,82,1300000
60616,43600,88,1300000
52952,43600,84,1300000
94034,43600,97,1300000
52830,43600,93,1300000
39782,43600,84,1300000
26302,43600,98,1300000
81872,43600,97,1300000
70853,43600,70,1300000
44389,90570,78,1300000
92900,90570,97,1300000
27510,90570,85,1300000
40910,90570,73,1300000
37763,90570,70,1300000
44607,90570,79,1300000
32545,90570,86,1300000
18510,90570,85,1300000
31213,90570,96,1300000
14519,90570,92,1300000
11105,90570,93,1300000
80206,90570,74,1300000
63623,90570,89,1300000
83697,27735,85,1300000
48245,27735,75,1300000
11156,27735,89,1300000
35472,27735,70,1300000
71660,27735,87,1300000
41742,27735,95,1300000
43091,27735,81,1300000
92717,27735,83,1300000
36777,27735,86,1300000
54229,27735,72,1300000
33352,27735,99,1300000
71779,27735,94,1300000
99455,27735,73,1300000
32107,99994,88,1300000
80588,99994,97,1300000
54885,99994,86,1300000
38092,99994,89,1300000
16196,99994,97,1300000
48247,99994,93,1300000
13868,99994,86,1300000
64560,99994,88,1300000
89616,99994,99,1300000
73351,99994,92,1300000
53783,99994,78,1300000
57528,99994,82,1300000
35324,99994,71,1300000
87524,99994,73,1300000
43606,99994,80,1300000
58997,99994,89,1300000
24750,99994,98,1300000
59759,99994,74,1300000
86581,99994,71,1300000
65740,45458,76,1300000
52461,45458,78,1300000
76346,45458,91,1300000
48311,45458,77,1300000
40393,45458,70,1300000
12577,45458,89,1300000
52244,45458,86,1300000
55646,45458,84,1300000
72556,45458,84,1300000
27139,45458,95,1300000
23539,45458,96,1300000
28527,45458,82,1300000
35282,45458,94,1300000
85780,45458,80,1300000
98843,45458,85,1300000
44398,45458,97,1300000
21069,45458,82,1300000
34440,88036,96,1300000
67703,88036,100,1300000
29314,88036,93,1300000
60422,88036,99,1300000
85217,88036,78,1300000
42489,88036,86,1300000
37578,88036,79,1300000
14343,88036,74,1300000
53857,88036,73,1300000
55197,88036,75,1300000
20046,88036,80,1300000
47474,88036,75,1300000
41804,88036,80,1300000
45522,88036,75,1300000
30960,88036,75,1300000
34406,88036,100,1300000
65640,88036,83,1300000
73958,88036,81,1300000
46933,88036,84,1300000
53636,92977,85,1300000
31107,92977,71,1300000
25072,92977,92,1300000
49914,92977,97,1300000
53426,92977,85,1300000
66804,92977,93,1300000
21316,92977,81,1300000
51105,92977,88,1300000
65089,92977,74,1300000
91012,92977,79,1300000
94133,92977,74,1300000
79209,92977,89,1300000
84131,92977,78,1300000
23363,92977,98,1300000
53510,92977,75,1300000
28001,92977,76,1300000
36260,92977,89,1300000
96013,92977,93,1300000
43645,92977,94,1300000
87242,92977,73,1300000
37592,46943,99,1300000
81894,46943,89,1300000
53002,46943,89,1300000
28060,46943,75,1300000
75405,46943,70,1300000
35352,46943,83,1300000
74822,46943,92,1300000
27589,46943,82,1300000
38297,46943,72,1300000
91637,46943,90,1300000
50152,46943,86,1300000
67330,46943,79,1300000
89627,46943,88,1300000
62000,46943,86,1300000
52653,46943,86,1300000
70875,46943,89,1300000
54736,12478,99,1300000
76930,12478,80,1300000
74010,12478,71,1300000
15646,12478,70,1300000
58880,12478,90,1300000
20142,12478,80,1300000
22639,12478,97,1300000
42027,12478,72,1300000
38025,12478,99,1300000
68192,12478,98,1300000
45279,12478,83,1300000
77858,12478,74,1300000
95599,12478,88,1300000
50166,12478,85,1300000
76634,12478,95,1300000
37973,12478,78,1300000
58155,12478,83,1300000
92182,12478,72,1300000
92341,12478,85,1300000
16132,99967,81,1300000
37721,99967,77,1300000
12428,99967,78,1300000
79883,99967,78,1300000
43433,99967,80,1300000
75054,99967,88,1300000
73854,99967,95,1300000
69842,99967,76,1300000
13617,99967,78,1300000
65199,99967,91,1300000
18773,99967,82,1300000
25003,99967,71,1300000
55126,99967,93,1300000
82705,99967,76,1300000
87606,99967,93,1300000
22506,99967,77,1300000
21271,99967,98,1300000
49959,99967,75,1300000
56879,99967,79,1300000
83174,51513,80,1300000
72861,51513,96,1300000
14557,51513,87,1300000
51306,51513,72,1300000
37154,51513,78,1300000
94039,51513,70,1300000
76012,51513,74,1300000
22618,51513,75,1300000
60149,51513,91,1300000
79868,51513,98,1300000
88961,51513,82,1300000
25591,51513,82,1300000
83789,51513,81,1300000
19983,51513,76,1300000
91387,51513,94,1300000
89882,51513,70,1300000
86468,51513,73,1300000
36415,51513,82,1300000
57890,51513,93,1300000
25674,51513,76,1300000
40601,97619,99,1300000
22378,97619,83,1300000
26831,97619,97,1300000
32882,97619,89,1300000
47508,97619,98,1300000
40297,97619,87,1300000
25357,97619,94,1300000
97592,97619,85,1300000
19063,97619,90,1300000
91413,97619,72,1300000
21350,97619,90,1300000
22945,97619,83,1300000
77631,97619,87,1300000
30735,97619,71,1300000
90856,97619,89,1300000
95369,97619,81,1300000
72133,97619,94,1300000
25175,97619,84,1300000
98805,97619,84,1300000
39726,97619,79,1300000
61104,59953,87,1300000
12813,59953,85,1300000
32313,59953,73,1300000
57282,59953,88,1300000
19453,59953,83,1300000
74374,59953,82,1300000
53283,59953,72,1300000
50965,59953,86,1300000
81326,59953,85,1300000
78494,59953,95,1300000
90008,59953,100,1300000
98694,59953,76,1300000
49795,59953,74,1300000
77180,59953,73,1300000
13310,59953,99,1300000
64398,59953,99,1300000
10705,59953,91,1300000
62511,59953,89,1300000
79323,59953,72,1300000
58552,59953,76,1300000
46246,59129,85,1300000
22767,59129,72,1300000
79146,59129,93,1300000
75948,59129,86,1300000
93434,59129,72,1300000
87040,59129,81,1300000
53171,59129,77,1300000
52403,59129,84,1300000
24038,59129,80,1300000
12325,59129,72,1300000
60790,59129,73,1300000
31092,59129,76,1300000
55104,59129,77,1300000
33569,59129,72,1300000
12866,59129,70,1300000
75410,59129,97,1300000
35324,59129,89,1300000
78499,59129,89,1300000
34550,59129,83,1300000
91039,59129,70,1300000
41326,69394,74,1300000
99137,69394,82,1300000
31754,69394,78,1300000
62628,69394,83,1300000
71265,69394,86,1300000
66656,69394,70,1300000
66158,69394,92,1300000
70252,69394,81,1300000
87291,69394,71,1300000
35849,69394,72,1300000
56160,69394,93,1300000
91971,69394,97,1300000
56150,69394,93,1300000
90720,69394,100,1300000
79116,69394,73,1300000
64874,69394,87,1300000
56757,69394,100,1300000
14506,69394,85,1300000
83637,69394,80,1300000
81755,65013,76,1300000
22666,65013,78,1300000
35841,65013,88,1300000
36271,65013,88,1300000
10422,65013,88,1300000
78589,65013,91,1300000
70815,65013,77,1300000
71347,65013,81,1300000
33317,65013,87,1300000
16886,65013,96,1300000
72067,65013,98,1300000
80683,65013,74,1300000
54506,65013,88,1300000
34204,65013,89,1300000
12979,65013,79,1300000
48872,65013,79,1300000
44060,65013,99,1300000
11280,65013,84,1300000
91785,65013,85,1300000
56146,65013,89,1300000
11759,73289,82,1300000
73425,73289,100,1300000
43146,73289,100,1300000
51493,73289,96,1300000
37958,73289,80,1300000
58965,73289,95,1300000
73084,73289,86,1300000
39129,73289,74,1300000
70833,73289,83,1300000
75246,73289,83,1300000
98911,73289,96,1300000
62960,73289,92,1300000
85782,73289,85,1300000
29830,73289,73,1300000
59671,73289,93,1300000
52355,73289,86,1300000
14381,73289,81,1300000
13202,73289,87,1300000
70743,73289,72,1300000
98635,73289,100,1300000
52376,61330,84,1300000
79902,61330,85,1300000
60696,61330,82,1300000
57125,61330,79,1300000
95134,61330,99,1300000
53472,61330,74,1300000
27648,61330,99,1300000
17176,61330,83,1300000
31034,61330,87,1300000
69612,61330,73,1300000
30747,61330,72,1300000
63198,61330,92,1300000
32364,61330,79,1300000
31657,61330,71,1300000
23817,61330,76,1300000
74520,61330,90,1300000
66991,61330,79,1300000
82041,61330,78,1300000
10908,61330,86,1300000
63681,61330,85,1300000
94736,89774,70,1300000
45865,89774,78,1300000
14156,89774,72,1300000
44201,89774,99,1300000
72556,89774,94,1300000
38378,89774,93,1300000
93795,89774,81,1300000
29105,89774,96,1300000
20558,89774,84,1300000
17344,89774,86,1300000
82619,89774,80,1300000
88429,89774,94,1300000
55955,89774,88,1300000
60902,89774,85,1300000
70568,89774,95,1300000
61355,89774,99,1300000
18874,89774,81,1300000
78770,89774,92,1300000
31029,13859,87,1300000
66611,13859,78,1300000
40712,13859,75,1300000
47875,13859,97,1300000
81562,13859,86,1300000
94884,13859,91,1300000
40184,13859,71,1300000
44787,13859,73,1300000
82295,13859,99,1300000
75102,13859,78,1300000
36539,13859,76,1300000
84465,13859,78,1300000
94536,13859,100,1300000
47062,13859,84,1300000
74687,13859,90,1300000
55285,13859,78,1300000
85822,13859,93,1300000
15822,13859,82,1300000
41721,13859,100,1300000
55695,13859,71,1300000
61710,79864,97,1300000
74292,79864,76,1300000
21670,79864,99,1300000
26123,79864,97,1300000
80525,79864,73,1300000
14472,79864,84,1300000
33235,79864,86,1300000
78131,79864,77,1300000
52840,79864,83,1300000
36298,79864,98,1300000
62347,79864,100,1300000
16845,79864,79,1300000
43039,79864,100,1300000
96742,79864,94,1300000
11232,79864,87,1300000
14450,79864,89,1300000
45854,79864,81,1300000
57676,79864,77,1300000
94847,79864,94,1300000
68016,79864,89,1300000
